id,identifier,type_id,power,pp,accuracy,priority,target_id,damage_class_id,effect_id,effect_chance,meta_category_id,meta_ailment_id,min_hits,max_hits,min_turns,max_turns,drain,healing,crit_rate,ailment_chance,flinch_chance,stat_chance
1,pound,1,40,35,100,0,10,2,1,,0,0,,,,,0,0,0,0,0,0
2,karate-chop,2,50,25,100,0,10,2,44,,0,0,,,,,0,0,1,0,0,0
3,double-slap,1,15,10,85,0,10,2,30,,0,0,2,5,,,0,0,0,0,0,0
4,comet-punch,1,18,15,85,0,10,2,30,,0,0,2,5,,,0,0,0,0,0,0
5,mega-punch,1,80,20,85,0,10,2,1,,0,0,,,,,0,0,0,0,0,0
6,pay-day,1,40,20,100,0,10,2,35,,0,0,,,,,0,0,0,0,0,0
7,fire-punch,10,75,15,100,0,10,2,5,10,4,4,,,,,0,0,0,10,0,0
8,ice-punch,15,75,15,100,0,10,2,6,10,4,3,,,,,0,0,0,10,0,0
9,thunder-punch,13,75,15,100,0,10,2,7,10,4,1,,,,,0,0,0,10,0,0
10,scratch,1,40,35,100,0,10,2,1,,0,0,,,,,0,0,0,0,0,0
11,vice-grip,1,55,30,100,0,10,2,1,,0,0,,,,,0,0,0,0,0,0
12,guillotine,1,,5,30,0,10,2,39,,9,0,,,,,0,0,0,0,0,0
13,razor-wind,1,80,10,100,0,11,3,40,,0,0,,,,,0,0,1,0,0,0
14,swords-dance,1,,20,,0,7,1,51,,2,0,,,,,0,0,0,0,0,0
15,cut,1,50,30,95,0,10,2,1,,0,0,,,,,0,0,0,0,0,0
16,gust,3,40,35,100,0,10,3,150,,0,0,,,,,0,0,0,0,0,0
17,wing-attack,3,60,35,100,0,10,2,1,,0,0,,,,,0,0,0,0,0,0
18,whirlwind,1,,20,,-6,10,1,29,,12,0,,,,,0,0,0,0,0,0
19,fly,3,90,15,95,0,10,2,156,,0,0,,,,,0,0,0,0,0,0
20,bind,1,15,20,85,0,10,2,43,100,4,8,,,5,6,0,0,0,100,0,0
21,slam,1,80,20,75,0,10,2,1,,0,0,,,,,0,0,0,0,0,0
22,vine-whip,12,45,25,100,0,10,2,1,,0,0,,,,,0,0,0,0,0,0
23,stomp,1,65,20,100,0,10,2,151,30,0,0,,,,,0,0,0,0,30,0
24,double-kick,2,30,30,100,0,10,2,45,,0,0,2,2,,,0,0,0,0,0,0
25,mega-kick,1,120,5,75,0,10,2,1,,0,0,,,,,0,0,0,0,0,0
26,jump-kick,2,100,10,95,0,10,2,46,,0,0,,,,,0,0,0,0,0,0
27,rolling-kick,2,60,15,85,0,10,2,32,30,0,0,,,,,0,0,0,0,30,0
28,sand-attack,5,,15,100,0,10,1,24,,2,0,,,,,0,0,0,0,0,0
29,headbutt,1,70,15,100,0,10,2,32,30,0,0,,,,,0,0,0,0,30,0
30,horn-attack,1,65,25,100,0,10,2,1,,0,0,,,,,0,0,0,0,0,0
31,fury-attack,1,15,20,85,0,10,2,30,,0,0,2,5,,,0,0,0,0,0,0
32,horn-drill,1,,5,30,0,10,2,39,,9,0,,,,,0,0,0,0,0,0
33,tackle,1,40,35,100,0,10,2,1,,0,0,,,,,0,0,0,0,0,0
34,body-slam,1,85,15,100,0,10,2,7,30,4,1,,,,,0,0,0,30,0,0
35,wrap,1,15,20,90,0,10,2,43,100,4,8,,,5,6,0,0,0,100,0,0
36,take-down,1,90,20,85,0,10,2,49,,0,0,,,,,-25,0,0,0,0,0
37,thrash,1,120,10,100,0,8,2,28,,0,0,,,,,0,0,0,0,0,0
38,double-edge,1,120,15,100,0,10,2,199,,0,0,,,,,-33,0,0,0,0,0
39,tail-whip,1,,30,100,0,11,1,20,,2,0,,,,,0,0,0,0,0,0
40,poison-sting,4,15,35,100,0,10,2,3,30,4,5,,,,,0,0,0,30,0,0
41,twineedle,7,25,20,100,0,10,2,78,20,4,5,2,2,,,0,0,0,20,0,0
42,pin-missile,7,25,20,95,0,10,2,30,,0,0,2,5,,,0,0,0,0,0,0
43,leer,1,,30,100,0,11,1,20,100,2,0,,,,,0,0,0,0,0,100
44,bite,17,60,25,100,0,10,2,32,30,0,0,,,,,0,0,0,0,30,0
45,growl,1,,40,100,0,11,1,19,,2,0,,,,,0,0,0,0,0,0
46,roar,1,,20,,-6,10,1,29,,12,0,,,,,0,0,0,0,0,0
47,sing,1,,15,55,0,10,1,2,,1,2,,,2,4,0,0,0,0,0,0
48,supersonic,1,,20,55,0,10,1,50,,1,6,,,2,5,0,0,0,0,0,0
49,sonic-boom,1,,20,90,0,10,3,131,,0,0,,,,,0,0,0,0,0,0
50,disable,1,,20,100,0,10,1,87,,13,13,,,4,4,0,0,0,0,0,0
51,acid,4,40,30,100,0,11,3,73,10,6,0,,,,,0,0,0,0,0,10
52,ember,10,40,25,100,0,10,3,5,10,4,4,,,,,0,0,0,10,0,0
53,flamethrower,10,90,15,100,0,10,3,5,10,4,4,,,,,0,0,0,10,0,0
54,mist,15,,30,,0,4,1,47,,11,0,,,,,0,0,0,0,0,0
55,water-gun,11,40,25,100,0,10,3,1,,0,0,,,,,0,0,0,0,0,0
56,hydro-pump,11,110,5,80,0,10,3,1,,0,0,,,,,0,0,0,0,0,0
57,surf,11,90,15,100,0,9,3,258,,0,0,,,,,0,0,0,0,0,0
58,ice-beam,15,90,10,100,0,10,3,6,10,4,3,,,,,0,0,0,10,0,0
59,blizzard,15,110,5,70,0,11,3,261,10,4,3,,,,,0,0,0,10,0,0
60,psybeam,14,65,20,100,0,10,3,77,10,4,6,,,2,5,0,0,0,10,0,0
61,bubble-beam,11,65,20,100,0,10,3,71,10,6,0,,,,,0,0,0,0,0,10
62,aurora-beam,15,65,20,100,0,10,3,69,10,6,0,,,,,0,0,0,0,0,10
63,hyper-beam,1,150,5,90,0,10,3,81,,0,0,,,,,0,0,0,0,0,0
64,peck,3,35,35,100,0,10,2,1,,0,0,,,,,0,0,0,0,0,0
65,drill-peck,3,80,20,100,0,10,2,1,,0,0,,,,,0,0,0,0,0,0
66,submission,2,80,20,80,0,10,2,49,,0,0,,,,,-25,0,0,0,0,0
67,low-kick,2,,20,100,0,10,2,197,,0,0,,,,,0,0,0,0,0,0
68,counter,2,,20,100,-5,1,2,90,,0,0,,,,,0,0,0,0,0,0
69,seismic-toss,2,,20,100,0,10,2,88,,0,0,,,,,0,0,0,0,0,0
70,strength,1,80,15,100,0,10,2,1,,0,0,,,,,0,0,0,0,0,0
71,absorb,12,20,25,100,0,10,3,4,,8,0,,,,,50,0,0,0,0,0
72,mega-drain,12,40,15,100,0,10,3,4,,8,0,,,,,50,0,0,0,0,0
73,leech-seed,12,,10,90,0,10,1,85,,1,18,,,,,0,0,0,0,0,0
74,growth,1,,20,,0,7,1,317,,2,0,,,,,0,0,0,0,0,0
75,razor-leaf,12,55,25,95,0,11,2,44,,0,0,,,,,0,0,1,0,0,0
76,solar-beam,12,120,10,100,0,10,3,152,,0,0,,,,,0,0,0,0,0,0
77,poison-powder,4,,35,75,0,10,1,67,,1,5,,,,,0,0,0,0,0,0
78,stun-spore,12,,30,75,0,10,1,68,,1,1,,,,,0,0,0,0,0,0
79,sleep-powder,12,,15,75,0,10,1,2,,1,2,,,2,4,0,0,0,0,0,0
80,petal-dance,12,120,10,100,0,8,3,28,,0,0,,,,,0,0,0,0,0,0
81,string-shot,7,,40,95,0,11,1,61,,2,0,,,,,0,0,0,0,0,0
82,dragon-rage,16,,10,100,0,10,3,42,,0,0,,,,,0,0,0,0,0,0
83,fire-spin,10,35,15,85,0,10,3,43,100,4,8,,,5,6,0,0,0,100,0,0
84,thunder-shock,13,40,30,100,0,10,3,7,10,4,1,,,,,0,0,0,10,0,0
85,thunderbolt,13,90,15,100,0,10,3,7,10,4,1,,,,,0,0,0,10,0,0
86,thunder-wave,13,,20,90,0,10,1,68,,1,1,,,,,0,0,0,0,0,0
87,thunder,13,110,10,70,0,10,3,153,30,4,1,,,,,0,0,0,30,0,0
88,rock-throw,6,50,15,90,0,10,2,1,,0,0,,,,,0,0,0,0,0,0
89,earthquake,5,100,10,100,0,9,2,148,,0,0,,,,,0,0,0,0,0,0
90,fissure,5,,5,30,0,10,2,39,,9,0,,,,,0,0,0,0,0,0
91,dig,5,80,10,100,0,10,2,257,,0,0,,,,,0,0,0,0,0,0
92,toxic,4,,10,90,0,10,1,34,,1,5,,,15,15,0,0,0,0,0,0
93,confusion,14,50,25,100,0,10,3,77,10,4,6,,,2,5,0,0,0,10,0,0
94,psychic,14,90,10,100,0,10,3,73,10,6,0,,,,,0,0,0,0,0,10
95,hypnosis,14,,20,60,0,10,1,2,,1,2,,,2,4,0,0,0,0,0,0
96,meditate,14,,40,,0,7,1,11,,2,0,,,,,0,0,0,0,0,0
97,agility,14,,30,,0,7,1,53,,2,0,,,,,0,0,0,0,0,0
98,quick-attack,1,40,30,100,1,10,2,104,,0,0,,,,,0,0,0,0,0,0
99,rage,1,20,20,100,0,10,2,82,,0,0,,,,,0,0,0,0,0,0
100,teleport,14,,20,,-6,7,1,154,,13,0,,,,,0,0,0,0,0,0
101,night-shade,8,,15,100,0,10,3,88,,0,0,,,,,0,0,0,0,0,0
102,mimic,1,,10,,0,10,1,83,,13,0,,,,,0,0,0,0,0,0
103,screech,1,,40,85,0,10,1,60,,2,0,,,,,0,0,0,0,0,0
104,double-team,1,,15,,0,7,1,17,,2,0,,,,,0,0,0,0,0,0
105,recover,1,,10,,0,7,1,33,,3,0,,,,,0,50,0,0,0,0
106,harden,1,,30,,0,7,1,12,,2,0,,,,,0,0,0,0,0,0
107,minimize,1,,10,,0,7,1,109,,2,0,,,,,0,0,0,0,0,0
108,smokescreen,1,,20,100,0,10,1,24,,2,0,,,,,0,0,0,0,0,0
109,confuse-ray,8,,10,100,0,10,1,50,,1,6,,,2,5,0,0,0,0,0,0
110,withdraw,11,,40,,0,7,1,12,,2,0,,,,,0,0,0,0,0,0
111,defense-curl,1,,40,,0,7,1,157,,2,0,,,,,0,0,0,0,0,0
112,barrier,14,,20,,0,7,1,52,,2,0,,,,,0,0,0,0,0,0
113,light-screen,14,,30,,0,4,1,36,,11,0,,,,,0,0,0,0,0,0
114,haze,15,,30,,0,12,1,26,,10,0,,,,,0,0,0,0,0,0
115,reflect,14,,20,,0,4,1,66,,11,0,,,,,0,0,0,0,0,0
116,focus-energy,1,,30,,0,7,1,48,,13,0,,,,,0,0,0,0,0,0
117,bide,1,,10,,1,7,2,27,,0,0,,,,,0,0,0,0,0,0
118,metronome,1,,10,,0,7,1,84,,13,0,,,,,0,0,0,0,0,0
119,mirror-move,3,,20,,0,10,1,10,,13,0,,,,,0,0,0,0,0,0
120,self-destruct,1,200,5,100,0,9,2,8,,0,0,,,,,0,0,0,0,0,0
121,egg-bomb,1,100,10,75,0,10,2,1,,0,0,,,,,0,0,0,0,0,0
122,lick,8,30,30,100,0,10,2,7,30,4,1,,,,,0,0,0,30,0,0
123,smog,4,30,20,70,0,10,3,3,40,4,5,,,,,0,0,0,40,0,0
124,sludge,4,65,20,100,0,10,3,3,30,4,5,,,,,0,0,0,30,0,0
125,bone-club,5,65,20,85,0,10,2,32,10,0,0,,,,,0,0,0,0,10,0
126,fire-blast,10,110,5,85,0,10,3,5,10,4,4,,,,,0,0,0,10,0,0
127,waterfall,11,80,15,100,0,10,2,32,20,0,0,,,,,0,0,0,0,20,0
128,clamp,11,35,15,85,0,10,2,43,100,4,8,,,5,6,0,0,0,100,0,0
129,swift,1,60,20,,0,11,3,18,,0,0,,,,,0,0,0,0,0,0
130,skull-bash,1,130,10,100,0,10,2,146,100,0,0,,,,,0,0,0,100,0,0
131,spike-cannon,1,20,15,100,0,10,2,30,,0,0,2,5,,,0,0,0,0,0,0
132,constrict,1,10,35,100,0,10,2,71,10,6,0,,,,,0,0,0,0,0,10
133,amnesia,14,,20,,0,7,1,55,,2,0,,,,,0,0,0,0,0,0
134,kinesis,14,,15,80,0,10,1,24,,2,0,,,,,0,0,0,0,0,0
135,soft-boiled,1,,10,,0,7,1,33,,3,0,,,,,0,50,0,0,0,0
136,high-jump-kick,2,130,10,90,0,10,2,46,,0,0,,,,,0,0,0,0,0,0
137,glare,1,,30,100,0,10,1,68,,1,1,,,,,0,0,0,0,0,0
138,dream-eater,14,100,15,100,0,10,3,9,,8,0,,,,,50,0,0,0,0,0
139,poison-gas,4,,40,90,0,11,1,67,,1,5,,,,,0,0,0,0,0,0
140,barrage,1,15,20,85,0,10,2,30,,0,0,2,5,,,0,0,0,0,0,0
141,leech-life,7,80,10,100,0,10,2,4,,8,0,,,,,50,0,0,0,0,0
142,lovely-kiss,1,,10,75,0,10,1,2,,1,2,,,2,4,0,0,0,0,0,0
143,sky-attack,3,140,5,90,0,10,2,76,30,0,0,,,,,0,0,1,0,30,0
144,transform,1,,10,,0,10,1,58,,13,0,,,,,0,0,0,0,0,0
145,bubble,11,40,30,100,0,11,3,71,10,6,0,,,,,0,0,0,0,0,10
146,dizzy-punch,1,70,10,100,0,10,2,77,20,4,6,,,2,5,0,0,0,20,0,0
147,spore,12,,15,100,0,10,1,2,,1,2,,,2,4,0,0,0,0,0,0
148,flash,1,,20,100,0,10,1,24,,2,0,,,,,0,0,0,0,0,0
149,psywave,14,,15,100,0,10,3,89,,0,0,,,,,0,0,0,0,0,0
150,splash,1,,40,,0,7,1,86,,13,0,,,,,0,0,0,0,0,0
151,acid-armor,4,,20,,0,7,1,52,,2,0,,,,,0,0,0,0,0,0
152,crabhammer,11,100,10,90,0,10,2,44,,0,0,,,,,0,0,1,0,0,0
153,explosion,1,250,5,100,0,9,2,8,,0,0,,,,,0,0,0,0,0,0
154,fury-swipes,1,18,15,80,0,10,2,30,,0,0,2,5,,,0,0,0,0,0,0
155,bonemerang,5,50,10,90,0,10,2,45,,0,0,2,2,,,0,0,0,0,0,0
156,rest,14,,10,,0,7,1,38,,13,0,,,,,0,0,0,0,0,0
157,rock-slide,6,75,10,90,0,11,2,32,30,0,0,,,,,0,0,0,0,30,0
158,hyper-fang,1,80,15,90,0,10,2,32,10,0,0,,,,,0,0,0,0,10,0
159,sharpen,1,,30,,0,7,1,11,,2,0,,,,,0,0,0,0,0,0
160,conversion,1,,30,,0,7,1,31,,13,0,,,,,0,0,0,0,0,0
161,tri-attack,1,80,10,100,0,10,3,37,20,4,-1,,,,,0,0,0,20,0,0
162,super-fang,1,,10,90,0,10,2,41,,0,0,,,,,0,0,0,0,0,0
163,slash,1,70,20,100,0,10,2,44,,0,0,,,,,0,0,1,0,0,0
164,substitute,1,,10,,0,7,1,80,,13,0,,,,,0,0,0,0,0,0
165,struggle,1,50,1,,0,8,2,255,,0,0,,,,,0,-25,0,0,0,0
166,sketch,1,,1,,0,10,1,96,,13,0,,,,,0,0,0,0,0,0
167,triple-kick,2,10,10,90,0,10,2,105,,0,0,3,3,,,0,0,0,0,0,0
168,thief,17,60,25,100,0,10,2,106,,0,0,,,,,0,0,0,0,0,0
169,spider-web,7,,10,,0,10,1,107,,13,0,,,,,0,0,0,0,0,0
170,mind-reader,1,,5,,0,10,1,95,,13,0,,,,,0,0,0,0,0,0
171,nightmare,8,,15,100,0,10,1,108,,1,9,,,,,0,0,0,0,0,0
172,flame-wheel,10,60,25,100,0,10,2,126,10,4,4,,,,,0,0,0,10,0,0
173,snore,1,50,15,100,0,10,3,93,30,0,0,,,,,0,0,0,0,30,0
174,curse,8,,10,,0,1,1,110,,13,0,,,,,0,0,0,0,0,0
175,flail,1,,15,100,0,10,2,100,,0,0,,,,,0,0,0,0,0,0
176,conversion-2,1,,30,,0,10,1,94,,13,0,,,,,0,0,0,0,0,0
177,aeroblast,3,100,5,95,0,10,3,44,,0,0,,,,,0,0,1,0,0,0
178,cotton-spore,12,,40,100,0,11,1,61,,2,0,,,,,0,0,0,0,0,0
179,reversal,2,,15,100,0,10,2,100,,0,0,,,,,0,0,0,0,0,0
180,spite,8,,10,100,0,10,1,101,,13,0,,,,,0,0,0,0,0,0
181,powder-snow,15,40,25,100,0,11,3,6,10,4,3,,,,,0,0,0,10,0,0
182,protect,1,,10,,4,7,1,112,,13,0,,,,,0,0,0,0,0,0
183,mach-punch,2,40,30,100,1,10,2,104,,0,0,,,,,0,0,0,0,0,0
184,scary-face,1,,10,100,0,10,1,61,,2,0,,,,,0,0,0,0,0,0
185,feint-attack,17,60,20,,0,10,2,18,,0,0,,,,,0,0,0,0,0,0
186,sweet-kiss,18,,10,75,0,10,1,50,,1,6,,,2,5,0,0,0,0,0,0
187,belly-drum,1,,10,,0,7,1,143,,13,0,,,,,0,0,0,0,0,0
188,sludge-bomb,4,90,10,100,0,10,3,3,30,4,5,,,,,0,0,0,30,0,0
189,mud-slap,5,20,10,100,0,10,3,74,100,6,0,,,,,0,0,0,0,0,100
190,octazooka,11,65,10,85,0,10,3,74,50,6,0,,,,,0,0,0,0,0,50
191,spikes,5,,20,,0,6,1,113,,11,0,,,,,0,0,0,0,0,0
192,zap-cannon,13,120,5,50,0,10,3,7,100,4,1,,,,,0,0,0,100,0,0
193,foresight,1,,40,,0,10,1,114,,1,17,,,,,0,0,0,0,0,0
194,destiny-bond,8,,5,,0,7,1,99,,13,0,,,,,0,0,0,0,0,0
195,perish-song,1,,5,,0,14,1,115,,1,20,,,4,4,0,0,0,0,0,0
196,icy-wind,15,55,15,95,0,11,3,71,100,6,0,,,,,0,0,0,0,0,100
197,detect,2,,5,,4,7,1,112,,13,0,,,,,0,0,0,0,0,0
198,bone-rush,5,25,10,90,0,10,2,30,,0,0,2,5,,,0,0,0,0,0,0
199,lock-on,1,,5,,0,10,1,95,,13,0,,,,,0,0,0,0,0,0
200,outrage,16,120,10,100,0,8,2,28,,0,0,,,,,0,0,0,0,0,0
201,sandstorm,6,,10,,0,12,1,116,,10,0,,,,,0,0,0,0,0,0
202,giga-drain,12,75,10,100,0,10,3,4,,8,0,,,,,50,0,0,0,0,0
203,endure,1,,10,,4,7,1,117,,13,0,,,,,0,0,0,0,0,0
204,charm,18,,20,100,0,10,1,59,,2,0,,,,,0,0,0,0,0,0
205,rollout,6,30,20,90,0,10,2,118,,0,0,,,,,0,0,0,0,0,0
206,false-swipe,1,40,40,100,0,10,2,102,,0,0,,,,,0,0,0,0,0,0
207,swagger,1,,15,85,0,10,1,119,,5,6,,,2,5,0,0,0,0,0,0
208,milk-drink,1,,10,,0,7,1,33,,3,0,,,,,0,50,0,0,0,0
209,spark,13,65,20,100,0,10,2,7,30,4,1,,,,,0,0,0,30,0,0
210,fury-cutter,7,40,20,95,0,10,2,120,,0,0,,,,,0,0,0,0,0,0
211,steel-wing,9,70,25,90,0,10,2,139,10,7,0,,,,,0,0,0,0,0,10
212,mean-look,1,,5,,0,10,1,107,,13,0,,,,,0,0,0,0,0,0
213,attract,1,,15,100,0,10,1,121,,1,7,,,,,0,0,0,0,0,0
214,sleep-talk,1,,10,,0,7,1,98,,13,0,,,,,0,0,0,0,0,0
215,heal-bell,1,,5,,0,13,1,103,,13,0,,,,,0,0,0,0,0,0
216,return,1,,20,100,0,10,2,122,,0,0,,,,,0,0,0,0,0,0
217,present,1,,15,90,0,10,2,123,,0,0,,,,,0,0,0,0,0,0
218,frustration,1,,20,100,0,10,2,124,,0,0,,,,,0,0,0,0,0,0
219,safeguard,1,,25,,0,4,1,125,,11,0,,,,,0,0,0,0,0,0
220,pain-split,1,,20,,0,10,1,92,,13,0,,,,,0,0,0,0,0,0
221,sacred-fire,10,100,5,95,0,10,2,126,50,4,4,,,,,0,0,0,50,0,0
222,magnitude,5,,30,100,0,9,2,127,,0,0,,,,,0,0,0,0,0,0
223,dynamic-punch,2,100,5,50,0,10,2,77,100,4,6,,,2,5,0,0,0,100,0,0
224,megahorn,7,120,10,85,0,10,2,1,,0,0,,,,,0,0,0,0,0,0
225,dragon-breath,16,60,20,100,0,10,3,7,30,4,1,,,,,0,0,0,30,0,0
226,baton-pass,1,,40,,0,7,1,128,,13,0,,,,,0,0,0,0,0,0
227,encore,1,,5,100,0,10,1,91,,13,0,,,,,0,0,0,0,0,0
228,pursuit,17,40,20,100,0,10,2,129,,0,0,,,,,0,0,0,0,0,0
229,rapid-spin,1,50,40,100,0,10,2,130,100,7,0,,,,,0,0,0,0,0,100
230,sweet-scent,1,,20,100,0,11,1,25,,2,0,,,,,0,0,0,0,0,0
231,iron-tail,9,100,15,75,0,10,2,70,30,6,0,,,,,0,0,0,0,0,30
232,metal-claw,9,50,35,95,0,10,2,140,10,7,0,,,,,0,0,0,0,0,10
233,vital-throw,2,70,10,,-1,10,2,79,,0,0,,,,,0,0,0,0,0,0
234,morning-sun,1,,5,,0,7,1,133,,3,0,,,,,0,50,0,0,0,0
235,synthesis,12,,5,,0,7,1,133,,3,0,,,,,0,50,0,0,0,0
236,moonlight,18,,5,,0,7,1,133,,3,0,,,,,0,50,0,0,0,0
237,hidden-power,1,60,15,100,0,10,3,136,,0,0,,,,,0,0,0,0,0,0
238,cross-chop,2,100,5,80,0,10,2,44,,0,0,,,,,0,0,1,0,0,0
239,twister,16,40,20,100,0,11,3,147,20,0,0,,,,,0,0,0,0,20,0
240,rain-dance,11,,5,,0,12,1,137,,10,0,,,,,0,0,0,0,0,0
241,sunny-day,10,,5,,0,12,1,138,,10,0,,,,,0,0,0,0,0,0
242,crunch,17,80,15,100,0,10,2,70,20,6,0,,,,,0,0,0,0,0,20
243,mirror-coat,14,,20,100,-5,1,3,145,,0,0,,,,,0,0,0,0,0,0
244,psych-up,1,,10,,0,10,1,144,,13,0,,,,,0,0,0,0,0,0
245,extreme-speed,1,80,5,100,2,10,2,104,,0,0,,,,,0,0,0,0,0,0
246,ancient-power,6,60,5,100,0,10,3,141,10,7,0,,,,,0,0,0,0,0,10
247,shadow-ball,8,80,15,100,0,10,3,73,20,6,0,,,,,0,0,0,0,0,20
248,future-sight,14,120,10,100,0,10,3,149,,13,0,,,,,0,0,0,0,0,0
249,rock-smash,2,40,15,100,0,10,2,70,50,6,0,,,,,0,0,0,0,0,50
250,whirlpool,11,35,15,85,0,10,3,262,100,4,8,,,5,6,0,0,0,100,0,0
251,beat-up,17,,10,100,0,10,2,155,,0,0,6,6,,,0,0,0,0,0,0
252,fake-out,1,40,10,100,3,10,2,159,100,0,0,,,,,0,0,0,0,100,0
253,uproar,1,90,10,100,0,8,3,160,,0,0,,,,,0,0,0,0,0,0
254,stockpile,1,,20,,0,7,1,161,,13,0,,,,,0,0,0,0,0,0
255,spit-up,1,,10,100,0,10,3,162,,0,0,,,,,0,0,0,0,0,0
256,swallow,1,,10,,0,7,1,163,,3,0,,,,,0,25,0,0,0,0
257,heat-wave,10,95,10,90,0,11,3,5,10,4,4,,,,,0,0,0,10,0,0
258,hail,15,,10,,0,12,1,165,,10,0,,,,,0,0,0,0,0,0
259,torment,17,,15,100,0,10,1,166,,1,12,,,,,0,0,0,0,0,0
260,flatter,17,,15,100,0,10,1,167,,5,6,,,2,5,0,0,0,0,0,0
261,will-o-wisp,10,,15,85,0,10,1,168,,1,4,,,,,0,0,0,0,0,0
262,memento,17,,10,100,0,10,1,169,,13,0,,,,,0,0,0,0,0,0
263,facade,1,70,20,100,0,10,2,170,,0,0,,,,,0,0,0,0,0,0
264,focus-punch,2,150,20,100,-3,10,2,171,,0,0,,,,,0,0,0,0,0,0
265,smelling-salts,1,70,10,100,0,10,2,172,,0,0,,,,,0,0,0,0,0,0
266,follow-me,1,,20,,2,7,1,173,,13,0,,,,,0,0,0,0,0,0
267,nature-power,1,,20,,0,10,1,174,,13,0,,,,,0,0,0,0,0,0
268,charge,13,,20,,0,7,1,175,,2,0,,,,,0,0,0,0,0,0
269,taunt,17,,20,100,0,10,1,176,,13,0,,,,,0,0,0,0,0,0
270,helping-hand,1,,20,,5,3,1,177,,13,0,,,,,0,0,0,0,0,0
271,trick,14,,10,100,0,10,1,178,,13,0,,,,,0,0,0,0,0,0
272,role-play,14,,10,,0,10,1,179,,13,0,,,,,0,0,0,0,0,0
273,wish,1,,10,,0,7,1,180,,13,0,,,,,0,0,0,0,0,0
274,assist,1,,20,,0,7,1,181,,13,0,,,,,0,0,0,0,0,0
275,ingrain,12,,20,,0,7,1,182,,1,21,,,,,0,0,0,0,0,0
276,superpower,2,120,5,100,0,10,2,183,100,7,0,,,,,0,0,0,0,0,100
277,magic-coat,14,,15,,4,7,1,184,,13,0,,,,,0,0,0,0,0,0
278,recycle,1,,10,,0,7,1,185,,13,0,,,,,0,0,0,0,0,0
279,revenge,2,60,10,100,-4,10,2,186,,0,0,,,,,0,0,0,0,0,0
280,brick-break,2,75,15,100,0,10,2,187,,0,0,,,,,0,0,0,0,0,0
281,yawn,1,,10,,0,10,1,188,,1,14,,,2,2,0,0,0,0,0,0
282,knock-off,17,65,20,100,0,10,2,189,,0,0,,,,,0,0,0,0,0,0
283,endeavor,1,,5,100,0,10,2,190,,0,0,,,,,0,0,0,0,0,0
284,eruption,10,150,5,100,0,11,3,191,,0,0,,,,,0,0,0,0,0,0
285,skill-swap,14,,10,,0,10,1,192,,13,0,,,,,0,0,0,0,0,0
286,imprison,14,,10,,0,7,1,193,,13,0,,,,,0,0,0,0,0,0
287,refresh,1,,20,,0,7,1,194,,13,0,,,,,0,0,0,0,0,0
288,grudge,8,,5,,0,7,1,195,,13,0,,,,,0,0,0,0,0,0
289,snatch,17,,10,,4,7,1,196,,13,0,,,,,0,0,0,0,0,0
290,secret-power,1,70,20,100,0,10,2,198,30,0,0,,,,,0,0,0,30,0,0
291,dive,11,80,10,100,0,10,2,256,,0,0,,,,,0,0,0,0,0,0
292,arm-thrust,2,15,20,100,0,10,2,30,,0,0,2,5,,,0,0,0,0,0,0
293,camouflage,1,,20,,0,7,1,214,,13,0,,,,,0,0,0,0,0,0
294,tail-glow,7,,20,,0,7,1,322,,2,0,,,,,0,0,0,0,0,0
295,luster-purge,14,70,5,100,0,10,3,73,50,6,0,,,,,0,0,0,0,0,50
296,mist-ball,14,70,5,100,0,10,3,72,50,6,0,,,,,0,0,0,0,0,50
297,feather-dance,3,,15,100,0,10,1,59,,2,0,,,,,0,0,0,0,0,0
298,teeter-dance,1,,20,100,0,9,1,200,,1,6,,,2,5,0,0,0,0,0,0
299,blaze-kick,10,85,10,90,0,10,2,201,10,4,4,,,,,0,0,1,10,0,0
300,mud-sport,5,,15,,0,12,1,202,,10,0,,,,,0,0,0,0,0,0
301,ice-ball,15,30,20,90,0,10,2,118,,0,0,,,,,0,0,0,0,0,0
302,needle-arm,12,60,15,100,0,10,2,32,30,0,0,,,,,0,0,0,0,30,0
303,slack-off,1,,10,,0,7,1,33,,3,0,,,,,0,50,0,0,0,0
304,hyper-voice,1,90,10,100,0,11,3,1,,0,0,,,,,0,0,0,0,0,0
305,poison-fang,4,50,15,100,0,10,2,203,50,4,5,,,15,15,0,0,0,50,0,0
306,crush-claw,1,75,10,95,0,10,2,70,50,6,0,,,,,0,0,0,0,0,50
307,blast-burn,10,150,5,90,0,10,3,81,,0,0,,,,,0,0,0,0,0,0
308,hydro-cannon,11,150,5,90,0,10,3,81,,0,0,,,,,0,0,0,0,0,0
309,meteor-mash,9,90,10,90,0,10,2,140,20,7,0,,,,,0,0,0,0,0,20
310,astonish,8,30,15,100,0,10,2,32,30,0,0,,,,,0,0,0,0,30,0
311,weather-ball,1,50,10,100,0,10,3,204,,0,0,,,,,0,0,0,0,0,0
312,aromatherapy,12,,5,,0,13,1,103,,13,0,,,,,0,0,0,0,0,0
313,fake-tears,17,,20,100,0,10,1,63,,2,0,,,,,0,0,0,0,0,0
314,air-cutter,3,60,25,95,0,11,3,44,,0,0,,,,,0,0,1,0,0,0
315,overheat,10,130,5,90,0,10,3,205,100,7,0,,,,,0,0,0,0,0,100
316,odor-sleuth,1,,40,,0,10,1,114,,1,17,,,,,0,0,0,0,0,0
317,rock-tomb,6,60,15,95,0,10,2,71,100,6,0,,,,,0,0,0,0,0,100
318,silver-wind,7,60,5,100,0,10,3,141,10,7,0,,,,,0,0,0,0,0,10
319,metal-sound,9,,40,85,0,10,1,63,,2,0,,,,,0,0,0,0,0,0
320,grass-whistle,12,,15,55,0,10,1,2,,1,2,,,2,4,0,0,0,0,0,0
321,tickle,1,,20,100,0,10,1,206,,2,0,,,,,0,0,0,0,0,0
322,cosmic-power,14,,20,,0,7,1,207,,2,0,,,,,0,0,0,0,0,0
323,water-spout,11,150,5,100,0,11,3,191,,0,0,,,,,0,0,0,0,0,0
324,signal-beam,7,75,15,100,0,10,3,77,10,4,6,,,2,5,0,0,0,10,0,0
325,shadow-punch,8,60,20,,0,10,2,18,,0,0,,,,,0,0,0,0,0,0
326,extrasensory,14,80,20,100,0,10,3,32,10,0,0,,,,,0,0,0,0,10,0
327,sky-uppercut,2,85,15,90,0,10,2,208,,0,0,,,,,0,0,0,0,0,0
328,sand-tomb,5,35,15,85,0,10,2,43,100,4,8,,,5,6,0,0,0,100,0,0
329,sheer-cold,15,,5,30,0,10,3,39,,9,0,,,,,0,0,0,0,0,0
330,muddy-water,11,90,10,85,0,11,3,74,30,6,0,,,,,0,0,0,0,0,30
331,bullet-seed,12,25,30,100,0,10,2,30,,0,0,2,5,,,0,0,0,0,0,0
332,aerial-ace,3,60,20,,0,10,2,18,,0,0,,,,,0,0,0,0,0,0
333,icicle-spear,15,25,30,100,0,10,2,30,,0,0,2,5,,,0,0,0,0,0,0
334,iron-defense,9,,15,,0,7,1,52,,2,0,,,,,0,0,0,0,0,0
335,block,1,,5,,0,10,1,107,,13,0,,,,,0,0,0,0,0,0
336,howl,1,,40,,0,13,1,11,,2,0,,,,,0,0,0,0,0,0
337,dragon-claw,16,80,15,100,0,10,2,1,,0,0,,,,,0,0,0,0,0,0
338,frenzy-plant,12,150,5,90,0,10,3,81,,0,0,,,,,0,0,0,0,0,0
339,bulk-up,2,,20,,0,7,1,209,,2,0,,,,,0,0,0,0,0,0
340,bounce,3,85,5,85,0,10,2,264,30,4,1,,,,,0,0,0,30,0,0
341,mud-shot,5,55,15,95,0,10,3,71,100,6,0,,,,,0,0,0,0,0,100
342,poison-tail,4,50,25,100,0,10,2,210,10,4,5,,,,,0,0,1,10,0,0
343,covet,1,60,25,100,0,10,2,106,,0,0,,,,,0,0,0,0,0,0
344,volt-tackle,13,120,15,100,0,10,2,263,10,4,1,,,,,-33,0,0,10,0,0
345,magical-leaf,12,60,20,,0,10,3,18,,0,0,,,,,0,0,0,0,0,0
346,water-sport,11,,15,,0,12,1,211,,10,0,,,,,0,0,0,0,0,0
347,calm-mind,14,,20,,0,7,1,212,,2,0,,,,,0,0,0,0,0,0
348,leaf-blade,12,90,15,100,0,10,2,44,,0,0,,,,,0,0,1,0,0,0
349,dragon-dance,16,,20,,0,7,1,213,,2,0,,,,,0,0,0,0,0,0
350,rock-blast,6,25,10,90,0,10,2,30,,0,0,2,5,,,0,0,0,0,0,0
351,shock-wave,13,60,20,,0,10,3,18,,0,0,,,,,0,0,0,0,0,0
352,water-pulse,11,60,20,100,0,10,3,77,20,4,6,,,2,5,0,0,0,20,0,0
353,doom-desire,9,140,5,100,0,10,3,149,,13,0,,,,,0,0,0,0,0,0
354,psycho-boost,14,140,5,90,0,10,3,205,100,7,0,,,,,0,0,0,0,0,100
355,roost,3,,10,,0,7,1,215,,3,0,,,,,0,50,0,0,0,0
356,gravity,14,,5,,0,12,1,216,,10,0,,,,,0,0,0,0,0,0
357,miracle-eye,14,,40,,0,10,1,217,,1,17,,,,,0,0,0,0,0,0
358,wake-up-slap,2,70,10,100,0,10,2,218,,0,0,,,,,0,0,0,0,0,0
359,hammer-arm,2,100,10,90,0,10,2,219,100,7,0,,,,,0,0,0,0,0,100
360,gyro-ball,9,,5,100,0,10,2,220,,0,0,,,,,0,0,0,0,0,0
361,healing-wish,14,,10,,0,7,1,221,,13,0,,,,,0,0,0,0,0,0
362,brine,11,65,10,100,0,10,3,222,,0,0,,,,,0,0,0,0,0,0
363,natural-gift,1,,15,100,0,10,2,223,,0,0,,,,,0,0,0,0,0,0
364,feint,1,30,10,100,2,10,2,224,,0,0,,,,,0,0,0,0,0,0
365,pluck,3,60,20,100,0,10,2,225,,0,0,,,,,0,0,0,0,0,0
366,tailwind,3,,15,,0,4,1,226,,11,0,,,,,0,0,0,0,0,0
367,acupressure,1,,30,,0,5,1,227,,13,0,,,,,0,0,0,0,0,0
368,metal-burst,9,,10,100,0,1,2,228,,0,0,,,,,0,0,0,0,0,0
369,u-turn,7,70,20,100,0,10,2,229,,0,0,,,,,0,0,0,0,0,0
370,close-combat,2,120,5,100,0,10,2,230,100,7,0,,,,,0,0,0,0,0,100
371,payback,17,50,10,100,0,10,2,231,,0,0,,,,,0,0,0,0,0,0
372,assurance,17,60,10,100,0,10,2,232,,0,0,,,,,0,0,0,0,0,0
373,embargo,17,,15,100,0,10,1,233,,1,19,,,5,5,0,0,0,0,0,0
374,fling,17,,10,100,0,10,2,234,,0,0,,,,,0,0,0,0,0,0
375,psycho-shift,14,,10,100,0,10,1,235,,13,0,,,,,0,0,0,0,0,0
376,trump-card,1,,5,,0,10,3,236,,0,0,,,,,0,0,0,0,0,0
377,heal-block,14,,15,100,0,11,1,237,,1,15,,,5,5,0,0,0,0,0,0
378,wring-out,1,,5,100,0,10,3,238,,0,0,,,,,0,0,0,0,0,0
379,power-trick,14,,10,,0,7,1,239,,13,0,,,,,0,0,0,0,0,0
380,gastro-acid,4,,10,100,0,10,1,240,,13,0,,,,,0,0,0,0,0,0
381,lucky-chant,1,,30,,0,4,1,241,,11,0,,,,,0,0,0,0,0,0
382,me-first,1,,20,,0,2,1,242,,0,0,,,,,0,0,0,0,0,0
383,copycat,1,,20,,0,7,1,243,,13,0,,,,,0,0,0,0,0,0
384,power-swap,14,,10,,0,10,1,244,,13,0,,,,,0,0,0,0,0,0
385,guard-swap,14,,10,,0,10,1,245,,13,0,,,,,0,0,0,0,0,0
386,punishment,17,,5,100,0,10,2,246,,0,0,,,,,0,0,0,0,0,0
387,last-resort,1,140,5,100,0,10,2,247,,0,0,,,,,0,0,0,0,0,0
388,worry-seed,12,,10,100,0,10,1,248,,13,0,,,,,0,0,0,0,0,0
389,sucker-punch,17,70,5,100,1,10,2,249,,0,0,,,,,0,0,0,0,0,0
390,toxic-spikes,4,,20,,0,6,1,250,,11,0,,,,,0,0,0,0,0,0
391,heart-swap,14,,10,,0,10,1,251,,13,0,,,,,0,0,0,0,0,0
392,aqua-ring,11,,20,,0,7,1,252,,13,0,,,,,0,0,0,0,0,0
393,magnet-rise,13,,10,,0,7,1,253,,13,0,,,,,0,0,0,0,0,0
394,flare-blitz,10,120,15,100,0,10,2,254,10,4,4,,,,,-33,0,0,10,0,0
395,force-palm,2,60,10,100,0,10,2,7,30,4,1,,,,,0,0,0,30,0,0
396,aura-sphere,2,80,20,,0,10,3,18,,0,0,,,,,0,0,0,0,0,0
397,rock-polish,6,,20,,0,7,1,53,,2,0,,,,,0,0,0,0,0,0
398,poison-jab,4,80,20,100,0,10,2,3,30,4,5,,,,,0,0,0,30,0,0
399,dark-pulse,17,80,15,100,0,10,3,32,20,0,0,,,,,0,0,0,0,20,0
400,night-slash,17,70,15,100,0,10,2,44,,0,0,,,,,0,0,1,0,0,0
401,aqua-tail,11,90,10,90,0,10,2,1,,0,0,,,,,0,0,0,0,0,0
402,seed-bomb,12,80,15,100,0,10,2,1,,0,0,,,,,0,0,0,0,0,0
403,air-slash,3,75,15,95,0,10,3,32,30,0,0,,,,,0,0,0,0,30,0
404,x-scissor,7,80,15,100,0,10,2,1,,0,0,,,,,0,0,0,0,0,0
405,bug-buzz,7,90,10,100,0,10,3,73,10,6,0,,,,,0,0,0,0,0,10
406,dragon-pulse,16,85,10,100,0,10,3,1,,0,0,,,,,0,0,0,0,0,0
407,dragon-rush,16,100,10,75,0,10,2,32,20,0,0,,,,,0,0,0,0,20,0
408,power-gem,6,80,20,100,0,10,3,1,,0,0,,,,,0,0,0,0,0,0
409,drain-punch,2,75,10,100,0,10,2,4,,8,0,,,,,50,0,0,0,0,0
410,vacuum-wave,2,40,30,100,1,10,3,104,,0,0,,,,,0,0,0,0,0,0
411,focus-blast,2,120,5,70,0,10,3,73,10,6,0,,,,,0,0,0,0,0,10
412,energy-ball,12,90,10,100,0,10,3,73,10,6,0,,,,,0,0,0,0,0,10
413,brave-bird,3,120,15,100,0,10,2,199,,0,0,,,,,-33,0,0,0,0,0
414,earth-power,5,90,10,100,0,10,3,73,10,6,0,,,,,0,0,0,0,0,10
415,switcheroo,17,,10,100,0,10,1,178,,13,0,,,,,0,0,0,0,0,0
416,giga-impact,1,150,5,90,0,10,2,81,,0,0,,,,,0,0,0,0,0,0
417,nasty-plot,17,,20,,0,7,1,54,,2,0,,,,,0,0,0,0,0,0
418,bullet-punch,9,40,30,100,1,10,2,104,,0,0,,,,,0,0,0,0,0,0
419,avalanche,15,60,10,100,-4,10,2,186,,0,0,,,,,0,0,0,0,0,0
420,ice-shard,15,40,30,100,1,10,2,104,,0,0,,,,,0,0,0,0,0,0
421,shadow-claw,8,70,15,100,0,10,2,44,,0,0,,,,,0,0,1,0,0,0
422,thunder-fang,13,65,15,95,0,10,2,276,10,4,1,,,,,0,0,0,10,10,0
423,ice-fang,15,65,15,95,0,10,2,275,10,4,3,,,,,0,0,0,10,10,0
424,fire-fang,10,65,15,95,0,10,2,274,10,4,4,,,,,0,0,0,10,10,0
425,shadow-sneak,8,40,30,100,1,10,2,104,,0,0,,,,,0,0,0,0,0,0
426,mud-bomb,5,65,10,85,0,10,3,74,30,6,0,,,,,0,0,0,0,0,30
427,psycho-cut,14,70,20,100,0,10,2,44,,0,0,,,,,0,0,1,0,0,0
428,zen-headbutt,14,80,15,90,0,10,2,32,20,0,0,,,,,0,0,0,0,20,0
429,mirror-shot,9,65,10,85,0,10,3,74,30,6,0,,,,,0,0,0,0,0,30
430,flash-cannon,9,80,10,100,0,10,3,73,10,6,0,,,,,0,0,0,0,0,10
431,rock-climb,1,90,20,85,0,10,2,77,20,4,6,,,2,5,0,0,0,20,0,0
432,defog,3,,15,,0,10,1,259,,13,0,,,,,0,0,0,0,0,0
433,trick-room,14,,5,,-7,12,1,260,,10,0,,,,,0,0,0,0,0,0
434,draco-meteor,16,130,5,90,0,10,3,205,100,7,0,,,,,0,0,0,0,0,100
435,discharge,13,80,15,100,0,9,3,7,30,4,1,,,,,0,0,0,30,0,0
436,lava-plume,10,80,15,100,0,9,3,5,30,4,4,,,,,0,0,0,30,0,0
437,leaf-storm,12,130,5,90,0,10,3,205,100,7,0,,,,,0,0,0,0,0,100
438,power-whip,12,120,10,85,0,10,2,1,,0,0,,,,,0,0,0,0,0,0
439,rock-wrecker,6,150,5,90,0,10,2,81,,0,0,,,,,0,0,0,0,0,0
440,cross-poison,4,70,20,100,0,10,2,210,10,4,5,,,,,0,0,1,10,0,0
441,gunk-shot,4,120,5,80,0,10,2,3,30,4,5,,,,,0,0,0,30,0,0
442,iron-head,9,80,15,100,0,10,2,32,30,0,0,,,,,0,0,0,0,30,0
443,magnet-bomb,9,60,20,,0,10,2,18,,0,0,,,,,0,0,0,0,0,0
444,stone-edge,6,100,5,80,0,10,2,44,,0,0,,,,,0,0,1,0,0,0
445,captivate,1,,20,100,0,11,1,266,,2,0,,,,,0,0,0,0,0,0
446,stealth-rock,6,,20,,0,6,1,267,,11,0,,,,,0,0,0,0,0,0
447,grass-knot,12,,20,100,0,10,3,197,,0,0,,,,,0,0,0,0,0,0
448,chatter,3,65,20,100,0,10,3,268,100,4,6,,,2,5,0,0,0,100,0,0
449,judgment,1,100,10,100,0,10,3,269,,0,0,,,,,0,0,0,0,0,0
450,bug-bite,7,60,20,100,0,10,2,225,,0,0,,,,,0,0,0,0,0,0
451,charge-beam,13,50,10,90,0,10,3,277,70,7,0,,,,,0,0,0,0,0,70
452,wood-hammer,12,120,15,100,0,10,2,199,,0,0,,,,,-33,0,0,0,0,0
453,aqua-jet,11,40,20,100,1,10,2,104,,0,0,,,,,0,0,0,0,0,0
454,attack-order,7,90,15,100,0,10,2,44,,0,0,,,,,0,0,1,0,0,0
455,defend-order,7,,10,,0,7,1,207,,2,0,,,,,0,0,0,0,0,0
456,heal-order,7,,10,,0,7,1,33,,3,0,,,,,0,50,0,0,0,0
457,head-smash,6,150,5,80,0,10,2,270,,0,0,,,,,-50,0,0,0,0,0
458,double-hit,1,35,10,90,0,10,2,45,,0,0,2,2,,,0,0,0,0,0,0
459,roar-of-time,16,150,5,90,0,10,3,81,,0,0,,,,,0,0,0,0,0,0
460,spacial-rend,16,100,5,95,0,10,3,44,,0,0,,,,,0,0,1,0,0,0
461,lunar-dance,14,,10,,0,7,1,271,,13,0,,,,,0,0,0,0,0,0
462,crush-grip,1,,5,100,0,10,2,238,,0,0,,,,,0,0,0,0,0,0
463,magma-storm,10,100,5,75,0,10,3,43,100,4,8,,,5,6,0,0,0,100,0,0
464,dark-void,17,,10,50,0,11,1,2,,1,2,,,2,4,0,0,0,0,0,0
465,seed-flare,12,120,5,85,0,10,3,272,40,6,0,,,,,0,0,0,0,0,40
466,ominous-wind,8,60,5,100,0,10,3,141,10,7,0,,,,,0,0,0,10,0,10
467,shadow-force,8,120,5,100,0,10,2,273,,0,0,,,,,0,0,0,0,0,0
468,hone-claws,17,,15,,0,7,1,278,,2,0,,,,,0,0,0,0,0,0
469,wide-guard,6,,10,,3,4,1,279,,11,0,,,,,0,0,0,0,0,0
470,guard-split,14,,10,,0,10,1,280,,13,0,,,,,0,0,0,0,0,0
471,power-split,14,,10,,0,10,1,281,,13,0,,,,,0,0,0,0,0,0
472,wonder-room,14,,10,,0,12,1,282,,10,0,,,,,0,0,0,0,0,0
473,psyshock,14,80,10,100,0,10,3,283,,0,0,,,,,0,0,0,0,0,0
474,venoshock,4,65,10,100,0,10,3,284,,0,0,,,,,0,0,0,0,0,0
475,autotomize,9,,15,,0,7,1,285,,2,0,,,,,0,0,0,0,0,0
476,rage-powder,7,,20,,2,7,1,173,,13,0,,,,,0,0,0,0,0,0
477,telekinesis,14,,15,,0,10,1,286,,1,-1,,,3,3,0,0,0,0,0,0
478,magic-room,14,,10,,0,12,1,287,,10,0,,,,,0,0,0,0,0,0
479,smack-down,6,50,15,100,0,10,2,288,100,0,-1,,,,,0,0,0,100,0,0
480,storm-throw,2,60,10,100,0,10,2,289,,0,0,,,,,0,0,6,0,0,0
481,flame-burst,10,70,15,100,0,10,3,290,,0,0,,,,,0,0,0,0,0,0
482,sludge-wave,4,95,10,100,0,9,3,3,10,4,5,,,,,0,0,0,10,0,0
483,quiver-dance,7,,20,,0,7,1,291,,2,0,,,,,0,0,0,0,0,0
484,heavy-slam,9,,10,100,0,10,2,292,,0,0,,,,,0,0,0,0,0,0
485,synchronoise,14,120,10,100,0,9,3,293,,0,0,,,,,0,0,0,0,0,0
486,electro-ball,13,,10,100,0,10,3,294,,0,0,,,,,0,0,0,0,0,0
487,soak,11,,20,100,0,10,1,295,,13,0,,,,,0,0,0,0,0,0
488,flame-charge,10,50,20,100,0,10,2,296,100,7,0,,,,,0,0,0,0,0,100
489,coil,4,,20,,0,7,1,323,,2,0,,,,,0,0,0,0,0,0
490,low-sweep,2,65,20,100,0,10,2,21,100,6,0,,,,,0,0,0,0,0,100
491,acid-spray,4,40,20,100,0,10,3,297,100,6,0,,,,,0,0,0,0,0,100
492,foul-play,17,95,15,100,0,10,2,298,,0,0,,,,,0,0,0,0,0,0
493,simple-beam,1,,15,100,0,10,1,299,,13,0,,,,,0,0,0,0,0,0
494,entrainment,1,,15,100,0,10,1,300,,13,0,,,,,0,0,0,0,0,0
495,after-you,1,,15,,0,10,1,301,,13,0,,,,,0,0,0,0,0,0
496,round,1,60,15,100,0,10,3,302,,0,0,,,,,0,0,0,0,0,0
497,echoed-voice,1,40,15,100,0,10,3,303,,0,0,,,,,0,0,0,0,0,0
498,chip-away,1,70,20,100,0,10,2,304,,0,0,,,,,0,0,0,0,0,0
499,clear-smog,4,50,15,,0,10,3,305,,0,0,,,,,0,0,0,0,0,0
500,stored-power,14,20,10,100,0,10,3,306,,0,0,,,,,0,0,0,0,0,0
501,quick-guard,2,,15,,3,4,1,307,,11,0,,,,,0,0,0,0,0,0
502,ally-switch,14,,15,,2,7,1,308,,13,0,,,,,0,0,0,0,0,0
503,scald,11,80,15,100,0,10,3,5,30,4,4,,,,,0,0,0,30,0,0
504,shell-smash,1,,15,,0,7,1,309,,13,0,,,,,0,0,0,0,0,0
505,heal-pulse,14,,10,,0,10,1,310,,3,0,,,,,0,50,0,0,0,0
506,hex,8,65,10,100,0,10,3,311,,0,0,,,,,0,0,0,0,0,0
507,sky-drop,3,60,10,100,0,10,2,312,,0,0,,,,,0,0,0,0,0,0
508,shift-gear,9,,10,,0,7,1,313,,2,0,,,,,0,0,0,0,0,0
509,circle-throw,2,60,10,90,-6,10,2,314,,0,0,,,,,0,0,0,0,0,0
510,incinerate,10,60,15,100,0,11,3,315,,0,0,,,,,0,0,0,0,0,0
511,quash,17,,15,100,0,10,1,316,,13,0,,,,,0,0,0,0,0,0
512,acrobatics,3,55,15,100,0,10,2,318,,0,0,,,,,0,0,0,0,0,0
513,reflect-type,1,,15,,0,10,1,319,,13,0,,,,,0,0,0,0,0,0
514,retaliate,1,70,5,100,0,10,2,320,,0,0,,,,,0,0,0,0,0,0
515,final-gambit,2,,5,100,0,10,3,321,,0,0,,,,,0,0,0,0,0,0
516,bestow,1,,15,,0,10,1,324,,13,0,,,,,0,0,0,0,0,0
517,inferno,10,100,5,50,0,10,3,5,100,4,4,,,,,0,0,0,100,0,0
518,water-pledge,11,80,10,100,0,10,3,325,,0,0,,,,,0,0,0,0,0,0
519,fire-pledge,10,80,10,100,0,10,3,326,,0,0,,,,,0,0,0,0,0,0
520,grass-pledge,12,80,10,100,0,10,3,327,,0,0,,,,,0,0,0,0,0,0
521,volt-switch,13,70,20,100,0,10,3,229,,0,0,,,,,0,0,0,0,0,0
522,struggle-bug,7,50,20,100,0,11,3,72,100,6,0,,,,,0,0,0,0,0,100
523,bulldoze,5,60,20,100,0,9,2,71,100,6,0,,,,,0,0,0,0,0,100
524,frost-breath,15,60,10,90,0,10,3,289,100,0,0,,,,,0,0,6,100,0,0
525,dragon-tail,16,60,10,90,-6,10,2,314,,0,0,,,,,0,0,0,0,0,0
526,work-up,1,,30,,0,7,1,328,,2,0,,,,,0,0,0,0,0,0
527,electroweb,13,55,15,95,0,11,3,21,100,6,0,,,,,0,0,0,0,0,100
528,wild-charge,13,90,15,100,0,10,2,49,,0,0,,,,,-25,0,0,0,0,0
529,drill-run,5,80,10,95,0,10,2,44,,0,0,,,,,0,0,1,0,0,0
530,dual-chop,16,40,15,90,0,10,2,45,,0,0,2,2,,,0,0,0,0,0,0
531,heart-stamp,14,60,25,100,0,10,2,32,30,0,0,,,,,0,0,0,0,30,0
532,horn-leech,12,75,10,100,0,10,2,4,,8,0,,,,,50,0,0,0,0,0
533,sacred-sword,2,90,15,100,0,10,2,304,,0,0,,,,,0,0,0,0,0,0
534,razor-shell,11,75,10,95,0,10,2,70,50,6,0,,,,,0,0,0,0,0,50
535,heat-crash,10,,10,100,0,10,2,292,,0,0,,,,,0,0,0,0,0,0
536,leaf-tornado,12,65,10,90,0,10,3,74,50,6,0,,,,,0,0,0,0,0,50
537,steamroller,7,65,20,100,0,10,2,151,30,0,0,,,,,0,0,0,0,30,0
538,cotton-guard,12,,10,,0,7,1,329,,2,0,,,,,0,0,0,0,0,0
539,night-daze,17,85,10,95,0,10,3,74,40,6,0,,,,,0,0,0,0,0,40
540,psystrike,14,100,10,100,0,10,3,283,,0,0,,,,,0,0,0,0,0,0
541,tail-slap,1,25,10,85,0,10,2,30,,0,0,2,5,,,0,0,0,0,0,0
542,hurricane,3,110,10,70,0,10,3,334,30,4,6,,,2,5,0,0,0,30,0,0
543,head-charge,1,120,15,100,0,10,2,49,,0,0,,,,,-25,0,0,0,0,0
544,gear-grind,9,50,15,85,0,10,2,45,,0,0,2,2,,,0,0,0,0,0,0
545,searing-shot,10,100,5,100,0,9,3,5,30,4,4,,,,,0,0,0,30,0,0
546,techno-blast,1,120,5,100,0,10,3,269,,0,0,,,,,0,0,0,0,0,0
547,relic-song,1,75,10,100,0,11,3,330,10,4,2,,,2,4,0,0,0,10,0,0
548,secret-sword,2,85,10,100,0,10,3,283,,0,0,,,,,0,0,0,0,0,0
549,glaciate,15,65,10,95,0,11,3,331,100,6,0,,,,,0,0,0,0,0,100
550,bolt-strike,13,130,5,85,0,10,2,7,20,4,1,,,,,0,0,0,20,0,0
551,blue-flare,10,130,5,85,0,10,3,5,20,4,4,,,,,0,0,0,20,0,0
552,fiery-dance,10,80,10,100,0,10,3,277,50,7,0,,,,,0,0,0,0,0,50
553,freeze-shock,15,140,5,90,0,10,2,332,30,4,1,,,,,0,0,0,30,0,0
554,ice-burn,15,140,5,90,0,10,3,333,30,4,4,,,,,0,0,0,30,0,0
555,snarl,17,55,15,95,0,11,3,72,100,6,0,,,,,0,0,0,0,0,100
556,icicle-crash,15,85,10,90,0,10,2,32,30,0,0,,,,,0,0,0,0,30,0
557,v-create,10,180,5,95,0,10,2,335,100,7,0,,,,,0,0,0,0,0,100
558,fusion-flare,10,100,5,100,0,10,3,336,,0,0,,,,,0,0,0,0,0,0
559,fusion-bolt,13,100,5,100,0,10,2,337,,0,0,,,,,0,0,0,0,0,0
560,flying-press,2,100,10,95,0,10,2,338,,0,0,,,,,0,0,0,0,0,0
561,mat-block,2,,10,,0,4,1,377,,11,0,,,,,0,0,0,0,0,0
562,belch,4,120,10,90,0,10,3,339,,0,0,,,,,0,0,0,0,0,0
563,rototiller,5,,10,,0,14,1,340,100,2,0,,,,,0,0,0,0,0,100
564,sticky-web,7,,20,,0,6,1,341,,11,0,,,,,0,0,0,0,0,0
565,fell-stinger,7,50,25,100,0,10,2,342,,0,0,,,,,0,0,0,0,0,0
566,phantom-force,8,90,10,100,0,10,2,273,,0,0,,,,,0,0,0,0,0,0
567,trick-or-treat,8,,20,100,0,10,1,343,,13,0,,,,,0,0,0,0,0,0
568,noble-roar,1,,30,100,0,10,1,344,100,2,0,,,,,0,0,0,0,0,100
569,ion-deluge,13,,25,,1,12,1,345,,10,0,,,,,0,0,0,0,0,0
570,parabolic-charge,13,65,20,100,0,9,3,346,,8,0,,,,,50,0,0,0,0,0
571,forests-curse,12,,20,100,0,10,1,376,,13,0,,,,,0,0,0,0,0,0
572,petal-blizzard,12,90,15,100,0,9,2,379,,0,0,,,,,0,0,0,0,0,0
573,freeze-dry,15,70,20,100,0,10,3,380,10,4,3,,,,,0,0,0,10,0,0
574,disarming-voice,18,40,15,,0,11,3,381,,0,0,,,,,0,0,0,0,0,0
575,parting-shot,17,,20,100,0,10,1,347,100,2,0,,,,,0,0,0,0,0,100
576,topsy-turvy,17,,20,,0,10,1,348,,13,0,,,,,0,0,0,0,0,0
577,draining-kiss,18,50,10,100,0,10,3,349,,8,0,,,,,75,0,0,0,0,0
578,crafty-shield,18,,10,,3,4,1,350,,11,0,,,,,0,0,0,0,0,0
579,flower-shield,18,,10,,0,14,1,351,100,13,0,,,,,0,0,0,0,0,100
580,grassy-terrain,12,,10,,0,12,1,352,,10,0,,,,,0,0,0,0,0,0
581,misty-terrain,18,,10,,0,12,1,353,,10,0,,,,,0,0,0,0,0,0
582,electrify,13,,20,,0,10,1,354,,13,0,,,,,0,0,0,0,0,0
583,play-rough,18,90,10,90,0,10,2,69,10,6,0,,,,,0,0,0,0,0,10
584,fairy-wind,18,40,30,100,0,10,3,1,,0,0,,,,,0,0,0,0,0,0
585,moonblast,18,95,15,100,0,10,3,72,30,6,0,,,,,0,0,0,0,0,30
586,boomburst,1,140,10,100,0,9,3,379,,0,0,,,,,0,0,0,0,0,0
587,fairy-lock,18,,10,,0,12,1,355,,10,0,,,,,0,0,0,0,0,0
588,kings-shield,9,,10,,4,7,1,356,,13,0,,,,,0,0,0,0,0,0
589,play-nice,1,,20,,0,10,1,357,100,2,0,,,,,0,0,0,0,0,100
590,confide,1,,20,,0,10,1,358,100,2,0,,,,,0,0,0,0,0,100
591,diamond-storm,6,100,5,95,0,11,2,359,50,7,0,,,,,0,0,0,0,0,50
592,steam-eruption,11,110,5,95,0,10,3,5,30,4,4,,,,,0,0,0,30,0,0
593,hyperspace-hole,14,80,5,,0,10,3,360,,0,0,,,,,0,0,0,0,0,0
594,water-shuriken,11,15,20,100,1,10,3,361,,0,0,2,5,,,0,0,0,0,0,0
595,mystical-fire,10,75,10,100,0,10,3,72,100,6,0,,,,,0,0,0,0,0,100
596,spiky-shield,12,,10,,4,7,1,362,,13,0,,,,,0,0,0,0,0,0
597,aromatic-mist,18,,20,,0,3,1,363,,2,0,,,,,0,0,0,0,0,0
598,eerie-impulse,13,,15,100,0,10,1,62,,2,0,,,,,0,0,0,0,0,0
599,venom-drench,4,,20,100,0,11,1,364,100,2,0,,,,,0,0,0,0,0,100
600,powder,7,,20,100,1,10,1,378,,13,0,,,,,0,0,0,0,0,0
601,geomancy,18,,10,,0,7,1,366,,2,0,,,,,0,0,0,0,0,0
602,magnetic-flux,13,,20,,0,13,1,367,,2,0,,,,,0,0,0,0,0,0
603,happy-hour,1,,30,,0,4,1,368,,13,0,,,,,0,0,0,0,0,0
604,electric-terrain,13,,10,,0,12,1,369,,10,0,,,,,0,0,0,0,0,0
605,dazzling-gleam,18,80,10,100,0,11,3,1,,0,0,,,,,0,0,0,0,0,0
606,celebrate,1,,40,,0,7,1,370,,13,0,,,,,0,0,0,0,0,0
607,hold-hands,1,,40,,0,3,1,371,,13,0,,,,,0,0,0,0,0,0
608,baby-doll-eyes,18,,30,100,1,10,1,365,,2,0,,,,,0,0,0,0,0,0
609,nuzzle,13,20,20,100,0,10,2,372,100,4,1,,,,,0,0,0,100,0,0
610,hold-back,1,40,40,100,0,10,2,102,,0,0,,,,,0,0,0,0,0,0
611,infestation,7,20,20,100,0,10,3,43,100,4,8,,,5,6,0,0,0,100,0,0
612,power-up-punch,2,40,20,100,0,10,2,375,100,7,0,,,,,0,0,0,0,0,100
613,oblivion-wing,3,80,10,100,0,10,3,349,,8,0,,,,,75,0,0,0,0,0
614,thousand-arrows,5,90,10,100,0,11,2,373,100,0,-1,,,,,0,0,0,100,0,0
615,thousand-waves,5,90,10,100,0,11,2,374,,0,0,,,,,0,0,0,0,0,0
616,lands-wrath,5,90,10,100,0,11,2,1,,0,0,,,,,0,0,0,0,0,0
617,light-of-ruin,18,140,5,90,0,10,3,270,,0,0,,,,,-50,0,0,0,0,0
618,origin-pulse,11,110,10,85,0,11,3,1,,0,0,,,,,0,0,0,0,0,0
619,precipice-blades,5,120,10,85,0,11,2,1,,0,0,,,,,0,0,0,0,0,0
620,dragon-ascent,3,120,5,100,0,10,2,230,100,7,0,,,,,0,0,0,0,0,100
621,hyperspace-fury,17,100,5,,0,10,2,360,100,7,0,,,,,0,0,0,0,0,100
622,breakneck-blitz--physical,1,,1,,0,10,2,1,,0,0,,,,,0,0,0,0,0,0
623,breakneck-blitz--special,1,,1,,0,10,3,1,,0,0,,,,,0,0,0,0,0,0
624,all-out-pummeling--physical,2,,1,,0,10,2,1,,0,0,,,,,0,0,0,0,0,0
625,all-out-pummeling--special,2,,1,,0,10,3,1,,0,0,,,,,0,0,0,0,0,0
626,supersonic-skystrike--physical,3,,1,,0,10,2,1,,0,0,,,,,0,0,0,0,0,0
627,supersonic-skystrike--special,3,,1,,0,10,3,1,,0,0,,,,,0,0,0,0,0,0
628,acid-downpour--physical,4,,1,,0,10,2,1,,0,0,,,,,0,0,0,0,0,0
629,acid-downpour--special,4,,1,,0,10,3,1,,0,0,,,,,0,0,0,0,0,0
630,tectonic-rage--physical,5,,1,,0,10,2,1,,0,0,,,,,0,0,0,0,0,0
631,tectonic-rage--special,5,,1,,0,10,3,1,,0,0,,,,,0,0,0,0,0,0
632,continental-crush--physical,6,,1,,0,10,2,1,,0,0,,,,,0,0,0,0,0,0
633,continental-crush--special,6,,1,,0,10,3,1,,0,0,,,,,0,0,0,0,0,0
634,savage-spin-out--physical,7,,1,,0,10,2,1,,0,0,,,,,0,0,0,0,0,0
635,savage-spin-out--special,7,,1,,0,10,3,1,,0,0,,,,,0,0,0,0,0,0
636,never-ending-nightmare--physical,8,,1,,0,10,2,1,,0,0,,,,,0,0,0,0,0,0
637,never-ending-nightmare--special,8,,1,,0,10,3,1,,0,0,,,,,0,0,0,0,0,0
638,corkscrew-crash--physical,9,,1,,0,10,2,1,,0,0,,,,,0,0,0,0,0,0
639,corkscrew-crash--special,9,,1,,0,10,3,1,,0,0,,,,,0,0,0,0,0,0
640,inferno-overdrive--physical,10,,1,,0,10,2,1,,0,0,,,,,0,0,0,0,0,0
641,inferno-overdrive--special,10,,1,,0,10,3,1,,0,0,,,,,0,0,0,0,0,0
642,hydro-vortex--physical,11,,1,,0,10,2,1,,0,0,,,,,0,0,0,0,0,0
643,hydro-vortex--special,11,,1,,0,10,3,1,,0,0,,,,,0,0,0,0,0,0
644,bloom-doom--physical,12,,1,,0,10,2,1,,0,0,,,,,0,0,0,0,0,0
645,bloom-doom--special,12,,1,,0,10,3,1,,0,0,,,,,0,0,0,0,0,0
646,gigavolt-havoc--physical,13,,1,,0,10,2,1,,0,0,,,,,0,0,0,0,0,0
647,gigavolt-havoc--special,13,,1,,0,10,3,1,,0,0,,,,,0,0,0,0,0,0
648,shattered-psyche--physical,14,,1,,0,10,2,1,,0,0,,,,,0,0,0,0,0,0
649,shattered-psyche--special,14,,1,,0,10,3,1,,0,0,,,,,0,0,0,0,0,0
650,subzero-slammer--physical,15,,1,,0,10,2,1,,0,0,,,,,0,0,0,0,0,0
651,subzero-slammer--special,15,,1,,0,10,3,1,,0,0,,,,,0,0,0,0,0,0
652,devastating-drake--physical,16,,1,,0,10,2,1,,0,0,,,,,0,0,0,0,0,0
653,devastating-drake--special,16,,1,,0,10,3,1,,0,0,,,,,0,0,0,0,0,0
654,black-hole-eclipse--physical,17,,1,,0,10,2,1,,0,0,,,,,0,0,0,0,0,0
655,black-hole-eclipse--special,17,,1,,0,10,3,1,,0,0,,,,,0,0,0,0,0,0
656,twinkle-tackle--physical,18,,1,,0,10,2,1,,0,0,,,,,0,0,0,0,0,0
657,twinkle-tackle--special,18,,1,,0,10,3,1,,0,0,,,,,0,0,0,0,0,0
658,catastropika,13,210,1,,0,10,2,1,,0,0,,,,,0,0,0,0,0,0
659,shore-up,5,,10,,0,7,1,382,,3,0,,,,,0,50,0,0,0,0
660,first-impression,7,90,10,100,2,10,2,383,,0,0,,,,,0,0,0,0,0,0
661,baneful-bunker,4,,10,,4,7,1,384,,13,0,,,,,0,0,0,0,0,0
662,spirit-shackle,8,80,10,100,0,10,2,385,,0,0,,,,,0,0,0,0,0,0
663,darkest-lariat,17,85,10,100,0,10,2,304,,0,0,,,,,0,0,0,0,0,0
664,sparkling-aria,11,90,10,100,0,9,3,386,,0,0,,,,,0,0,0,0,0,0
665,ice-hammer,15,100,10,90,0,10,2,219,100,7,0,,,,,0,0,0,0,0,100
666,floral-healing,18,,10,,0,10,1,387,,3,0,,,,,0,50,0,0,0,0
667,high-horsepower,5,95,10,95,0,10,2,1,,0,0,,,,,0,0,0,0,0,0
668,strength-sap,12,,10,100,0,10,1,388,100,13,0,,,,,0,0,0,0,0,100
669,solar-blade,12,125,10,100,0,10,2,152,,0,0,,,,,0,0,0,0,0,0
670,leafage,12,40,40,100,0,10,2,1,,0,0,,,,,0,0,0,0,0,0
671,spotlight,1,,15,,3,10,1,389,,13,0,,,,,0,0,0,0,0,0
672,toxic-thread,4,,20,100,0,10,1,390,100,5,5,,,,,0,0,0,100,0,100
673,laser-focus,1,,30,,0,7,1,391,,13,0,,,,,0,0,0,0,0,0
674,gear-up,9,,20,,0,13,1,392,,2,0,,,,,0,0,0,0,0,0
675,throat-chop,17,80,15,100,0,10,2,393,100,4,24,,,2,2,0,0,0,100,0,0
676,pollen-puff,7,90,15,100,0,10,3,394,,0,0,,,,,0,0,0,0,0,0
677,anchor-shot,9,80,20,100,0,10,2,385,,0,0,,,,,0,0,0,0,0,0
678,psychic-terrain,14,,10,,0,12,1,395,,10,0,,,,,0,0,0,0,0,0
679,lunge,7,80,15,100,0,10,2,396,100,6,0,,,,,0,0,0,0,0,100
680,fire-lash,10,80,15,100,0,10,2,397,100,6,0,,,,,0,0,0,0,0,100
681,power-trip,17,20,10,100,0,10,2,306,,0,0,,,,,0,0,0,0,0,0
682,burn-up,10,130,5,100,0,10,3,398,,0,0,,,,,0,0,0,0,0,0
683,speed-swap,14,,10,,0,10,1,399,,13,0,,,,,0,0,0,0,0,0
684,smart-strike,9,70,10,,0,10,2,18,,0,0,,,,,0,0,0,0,0,0
685,purify,4,,20,,0,10,1,400,,13,0,,,,,0,50,0,0,0,0
686,revelation-dance,1,90,15,100,0,10,3,401,,0,0,,,,,0,0,0,0,0,0
687,core-enforcer,16,100,10,100,0,11,3,402,,0,0,,,,,0,0,0,0,0,0
688,trop-kick,12,70,15,100,0,10,2,396,100,6,0,,,,,0,0,0,0,0,100
689,instruct,14,,15,,0,10,1,403,,13,0,,,,,0,0,0,0,0,0
690,beak-blast,3,100,15,100,-3,10,2,404,,0,0,,,,,0,0,0,0,0,0
691,clanging-scales,16,110,5,100,0,11,3,405,100,7,0,,,,,0,0,0,0,0,100
692,dragon-hammer,16,90,15,100,0,10,2,1,,0,0,,,,,0,0,0,0,0,0
693,brutal-swing,17,60,20,100,0,9,2,406,,0,0,,,,,0,0,0,0,0,0
694,aurora-veil,15,,20,,0,4,1,407,,11,0,,,,,0,0,0,0,0,0
695,sinister-arrow-raid,8,180,1,,0,10,2,1,,0,0,,,,,0,0,0,0,0,0
696,malicious-moonsault,17,180,1,,0,10,2,1,,0,0,,,,,0,0,0,0,0,0
697,oceanic-operetta,11,195,1,,0,10,3,1,,0,0,,,,,0,0,0,0,0,0
698,guardian-of-alola,18,,1,,0,10,3,413,,0,0,,,,,0,0,0,0,0,0
699,soul-stealing-7-star-strike,8,195,1,,0,10,2,1,,0,0,,,,,0,0,0,0,0,0
700,stoked-sparksurfer,13,175,1,,0,10,3,7,100,4,1,,,,,0,0,0,100,0,0
701,pulverizing-pancake,1,210,1,,0,10,2,1,,0,0,,,,,0,0,0,0,0,0
702,extreme-evoboost,1,,1,,0,7,1,414,100,2,0,,,,,0,0,0,0,0,100
703,genesis-supernova,14,185,1,,0,10,3,415,,0,0,,,,,0,0,0,0,0,0
704,shell-trap,10,150,5,100,-3,11,3,408,,0,0,,,,,0,0,0,0,0,0
705,fleur-cannon,18,130,5,90,0,10,3,205,100,7,0,,,,,0,0,0,0,0,100
706,psychic-fangs,14,85,10,100,0,10,2,187,,0,0,,,,,0,0,0,0,0,0
707,stomping-tantrum,5,75,10,100,0,10,2,409,,0,0,,,,,0,0,0,0,0,0
708,shadow-bone,8,85,10,100,0,10,2,70,20,6,0,,,,,0,0,0,0,0,20
709,accelerock,6,40,20,100,1,10,2,104,,0,0,,,,,0,0,0,0,0,0
710,liquidation,11,85,10,100,0,10,2,70,20,6,0,,,,,0,0,0,0,0,20
711,prismatic-laser,14,160,10,100,0,10,3,81,,0,0,,,,,0,0,0,0,0,0
712,spectral-thief,8,90,10,100,0,10,2,410,,0,0,,,,,0,0,0,0,0,0
713,sunsteel-strike,9,100,5,100,0,10,2,411,,0,0,,,,,0,0,0,0,0,0
714,moongeist-beam,8,100,5,100,0,10,3,411,,0,0,,,,,0,0,0,0,0,0
715,tearful-look,1,,20,,0,10,1,412,100,2,0,,,,,0,0,0,0,0,100
716,zing-zap,13,80,10,100,0,10,2,32,30,0,0,,,,,0,0,0,0,30,0
717,natures-madness,18,,10,90,0,10,3,41,,0,0,,,,,0,0,0,0,0,0
718,multi-attack,1,120,10,100,0,10,2,269,,0,0,,,,,0,0,0,0,0,0
719,10-000-000-volt-thunderbolt,13,195,1,,0,10,3,1,,0,0,,,,,0,0,2,0,0,0
720,mind-blown,10,150,5,100,0,9,3,420,,0,0,,,,,0,0,0,0,0,0
721,plasma-fists,13,100,15,100,0,10,2,1,,0,0,,,,,0,0,0,0,0,0
722,photon-geyser,14,100,5,100,0,10,3,1,,0,0,,,,,0,0,0,0,0,0
723,light-that-burns-the-sky,14,200,1,,0,10,3,416,,0,0,,,,,0,0,0,0,0,0
724,searing-sunraze-smash,9,200,1,,0,10,2,411,,0,0,,,,,0,0,0,0,0,0
725,menacing-moonraze-maelstrom,8,200,1,,0,10,3,411,,0,0,,,,,0,0,0,0,0,0
726,lets-snuggle-forever,18,190,1,,0,10,2,417,,0,0,,,,,0,0,0,0,0,0
727,splintered-stormshards,6,190,1,,0,10,2,418,,0,0,,,,,0,0,0,0,0,0
728,clangorous-soulblaze,16,185,1,,0,11,3,419,100,7,0,,,,,0,0,0,0,0,100
729,zippy-zap,13,80,10,100,2,10,2,1,100,7,0,,,,,0,0,0,0,0,100
730,splishy-splash,11,90,15,100,0,11,3,1,30,4,1,,,,,0,0,0,30,0,0
731,floaty-fall,3,90,15,95,0,10,2,1,30,0,0,,,,,0,0,0,0,30,0
732,pika-papow,13,,20,,0,10,3,1,,0,0,,,,,0,0,0,0,0,0
733,bouncy-bubble,11,60,20,100,0,10,3,1,,8,0,,,,,100,0,0,0,0,0
734,buzzy-buzz,13,60,20,100,0,10,3,1,100,4,1,,,,,0,0,0,100,0,0
735,sizzly-slide,10,60,20,100,0,10,2,1,100,4,4,,,,,0,0,0,100,0,0
736,glitzy-glow,14,80,15,95,0,10,3,1,,0,0,,,,,0,0,0,0,0,0
737,baddy-bad,17,80,15,95,0,10,3,1,,0,0,,,,,0,0,0,0,0,0
738,sappy-seed,12,100,10,90,0,10,2,1,100,4,18,,,,,0,0,0,100,0,0
739,freezy-frost,15,100,10,90,0,10,3,1,,0,0,,,,,0,0,0,0,0,0
740,sparkly-swirl,18,120,5,85,0,10,3,1,,0,0,,,,,0,0,0,0,0,0
741,veevee-volley,1,,20,,0,10,2,1,,0,0,,,,,0,0,0,0,0,0
742,double-iron-bash,9,60,5,100,0,10,2,45,30,0,0,2,2,,,0,0,0,0,30,0
743,max-guard,1,,10,,4,7,1,112,,13,0,,,,,0,0,0,0,0,0
744,dynamax-cannon,16,100,5,100,0,10,3,421,,0,0,,,,,0,0,0,0,0,0
745,snipe-shot,11,80,15,100,0,10,3,422,,0,0,,,,,0,0,1,0,0,0
746,jaw-lock,17,80,10,100,0,10,2,423,,0,0,,,,,0,0,0,0,0,0
747,stuff-cheeks,1,,10,,0,7,1,424,100,2,0,,,,,0,0,0,0,0,100
748,no-retreat,2,,5,,0,7,1,425,100,2,0,,,,,0,0,0,0,0,100
749,tar-shot,6,,15,100,0,10,1,426,100,5,42,,,,,0,0,0,100,0,100
750,magic-powder,14,,20,100,0,10,1,427,,13,0,,,,,0,0,0,0,0,0
751,dragon-darts,16,50,10,100,0,10,2,428,,0,0,2,2,,,0,0,0,0,0,0
752,teatime,1,,10,,0,14,1,429,,13,0,,,,,0,0,0,0,0,0
753,octolock,2,,15,100,0,10,1,430,,13,0,,,,,0,0,0,0,0,0
754,bolt-beak,13,85,10,100,0,10,2,431,,0,0,,,,,0,0,0,0,0,0
755,fishious-rend,11,85,10,100,0,10,2,431,,0,0,,,,,0,0,0,0,0,0
756,court-change,1,,10,100,0,12,1,432,,13,0,,,,,0,0,0,0,0,0
757,max-flare,10,100,10,,0,2,2,1,,0,0,,,,,0,0,0,0,0,0
758,max-flutterby,7,10,10,,0,2,2,1,,0,0,,,,,0,0,0,0,0,0
759,max-lightning,13,10,10,,0,2,2,1,,0,0,,,,,0,0,0,0,0,0
760,max-strike,1,10,10,,0,2,2,1,,0,0,,,,,0,0,0,0,0,0
761,max-knuckle,2,10,10,,0,2,2,1,,0,0,,,,,0,0,0,0,0,0
762,max-phantasm,8,10,10,,0,2,2,1,,0,0,,,,,0,0,0,0,0,0
763,max-hailstorm,15,10,10,,0,2,2,1,,0,0,,,,,0,0,0,0,0,0
764,max-ooze,4,10,10,,0,2,2,1,,0,0,,,,,0,0,0,0,0,0
765,max-geyser,11,10,10,,0,2,2,1,,0,0,,,,,0,0,0,0,0,0
766,max-airstream,3,10,10,,0,2,2,1,,0,0,,,,,0,0,0,0,0,0
767,max-starfall,18,10,10,,0,2,2,1,,0,0,,,,,0,0,0,0,0,0
768,max-wyrmwind,16,10,10,,0,2,2,1,,0,0,,,,,0,0,0,0,0,0
769,max-mindstorm,14,10,10,,0,2,2,1,,0,0,,,,,0,0,0,0,0,0
770,max-rockfall,6,10,10,,0,2,2,1,,0,0,,,,,0,0,0,0,0,0
771,max-quake,5,10,10,,0,2,2,1,,0,0,,,,,0,0,0,0,0,0
772,max-darkness,17,10,10,,0,2,2,1,,0,0,,,,,0,0,0,0,0,0
773,max-overgrowth,12,10,10,,0,2,2,1,,0,0,,,,,0,0,0,0,0,0
774,max-steelspike,9,10,10,,0,2,2,1,,0,0,,,,,0,0,0,0,0,0
775,clangorous-soul,16,,5,100,0,7,1,433,100,2,0,,,,,0,-33,0,0,0,100
776,body-press,2,80,10,100,0,10,2,434,,0,0,,,,,0,0,0,0,0,0
777,decorate,18,,15,,0,10,1,435,100,2,0,,,,,0,0,0,0,0,100
778,drum-beating,12,80,10,100,0,10,2,71,100,6,0,,,,,0,0,0,0,0,100
779,snap-trap,12,35,15,100,0,10,2,43,100,4,8,,,5,6,0,0,0,100,0,0
780,pyro-ball,10,120,5,90,0,10,2,5,10,4,4,,,,,0,0,0,10,0,0
781,behemoth-blade,9,100,5,100,0,10,2,436,,0,0,,,,,0,0,0,0,0,0
782,behemoth-bash,9,100,5,100,0,10,2,436,,0,0,,,,,0,0,0,0,0,0
783,aura-wheel,13,110,10,100,0,10,2,437,100,7,0,,,,,0,0,0,0,0,100
784,breaking-swipe,16,60,15,100,0,11,2,396,100,6,0,,,,,0,0,0,0,0,100
785,branch-poke,12,40,40,100,0,10,2,1,,0,0,,,,,0,0,0,0,0,0
786,overdrive,13,80,10,100,0,11,3,439,,0,0,,,,,0,0,0,0,0,0
787,apple-acid,12,80,10,100,0,10,3,440,100,6,0,,,,,0,0,0,0,0,100
788,grav-apple,12,80,10,100,0,10,2,397,100,6,0,,,,,0,0,0,0,0,100
789,spirit-break,18,75,15,100,0,10,2,72,100,6,0,,,,,0,0,0,0,0,100
790,strange-steam,18,90,10,95,0,10,3,77,20,4,6,,,2,5,0,0,0,20,0,0
791,life-dew,11,,10,,0,13,1,441,,3,0,,,,,0,25,0,0,0,0
792,obstruct,17,,10,100,4,7,1,442,,13,0,,,,,0,0,0,0,0,0
793,false-surrender,17,80,10,,0,10,2,18,,0,0,,,,,0,0,0,0,0,0
794,meteor-assault,2,150,5,100,0,10,2,81,,0,0,,,,,0,0,0,0,0,0
795,eternabeam,16,160,5,90,0,10,3,81,,0,0,,,,,0,0,0,0,0,0
796,steel-beam,9,140,5,95,0,10,3,420,,0,0,,,,,0,0,0,0,0,0
797,expanding-force,14,80,10,100,0,10,3,1,,0,0,,,,,0,0,0,0,0,0
798,steel-roller,9,130,5,100,0,10,2,1,,0,0,,,,,0,0,0,0,0,0
799,scale-shot,16,25,20,90,0,10,2,443,,0,0,2,5,,,0,0,0,0,0,0
800,meteor-beam,6,120,10,90,0,10,3,1,100,0,0,,,,,0,0,0,100,0,0
801,shell-side-arm,4,90,10,100,0,10,3,1,20,4,5,,,,,0,0,0,20,0,0
802,misty-explosion,18,100,5,100,0,9,3,1,,0,0,,,,,0,0,0,0,0,0
803,grassy-glide,12,70,20,100,0,10,2,1,,0,0,,,,,0,0,0,0,0,0
804,rising-voltage,13,70,20,100,0,10,3,1,,0,0,,,,,0,0,0,0,0,0
805,terrain-pulse,1,50,10,100,0,10,3,1,,0,0,,,,,0,0,0,0,0,0
806,skitter-smack,7,70,10,90,0,10,2,1,100,6,0,,,,,0,0,0,0,0,100
807,burning-jealousy,10,70,5,100,0,11,3,1,100,4,4,,,,,0,0,0,100,0,0
808,lash-out,17,75,5,100,0,10,2,1,,0,0,,,,,0,0,0,0,0,0
809,poltergeist,8,110,5,90,0,10,2,1,,0,0,,,,,0,0,0,0,0,0
810,corrosive-gas,4,,40,100,0,9,1,1,,13,0,,,,,0,0,0,0,0,0
811,coaching,2,,10,,0,13,1,1,100,2,0,,,,,0,0,0,0,0,100
812,flip-turn,11,60,20,100,0,10,2,1,,0,0,,,,,0,0,0,0,0,0
813,triple-axel,15,20,10,90,0,10,2,1,,0,0,3,3,,,0,0,0,0,0,0
814,dual-wingbeat,3,40,10,90,0,10,2,1,,0,0,2,2,,,0,0,0,0,0,0
815,scorching-sands,5,70,10,100,0,10,3,1,30,4,4,,,,,0,0,0,30,0,0
816,jungle-healing,12,,10,,0,13,1,1,,13,0,,,,,0,25,0,0,0,0
817,wicked-blow,17,80,5,100,0,10,2,1,,0,0,,,,,0,0,6,0,0,0
818,surging-strikes,11,25,5,100,0,10,2,1,,0,0,3,3,,,0,0,6,0,0,0
819,thunder-cage,13,80,15,90,0,10,3,1,100,4,8,,,5,6,0,0,0,100,0,0
820,dragon-energy,16,150,5,100,0,11,3,1,,0,0,,,,,0,0,0,0,0,0
821,freezing-glare,14,90,10,100,0,10,3,1,10,4,3,,,,,0,0,0,10,0,0
822,fiery-wrath,17,90,10,100,0,11,3,1,20,0,0,,,,,0,0,0,0,20,0
823,thunderous-kick,2,90,10,100,0,10,2,1,100,6,0,,,,,0,0,0,0,0,100
824,glacial-lance,15,130,5,100,0,11,2,1,,0,0,,,,,0,0,0,0,0,0
825,astral-barrage,8,120,5,100,0,11,3,1,,0,0,,,,,0,0,0,0,0,0
826,eerie-spell,14,80,5,100,0,10,3,1,,0,0,,,,,0,0,0,0,0,0
